row,col
35,77
35,96
36,71
37,113
39,41
40,50
40,63
40,99
41,113
42,62
42,83
42,111
43,68
44,59
44,73
44,91
44,108
45,0
45,85
46,57
47,64
47,65
47,89
49,93
49,99
49,101
50,75
51,71
51,102
51,108
51,141
51,144
52,0
52,22
52,27
52,102
52,107
52,160
53,17
53,100
53,106
54,0
54,19
54,29
54,80
54,98
54,106
55,34
55,104
55,105
56,15
56,20
56,21
56,33
56,41
56,83
56,86
56,91
56,104
56,112
56,113
56,140
57,2
57,17
57,69
57,109
57,184
58,9
58,25
58,77
58,84
58,138
59,11
59,22
59,23
59,27
59,47
59,86
59,95
59,124
60,3
60,9
60,25
60,46
60,91
60,108
60,141
60,160
61,1
61,8
61,43
61,83
61,99
62,0
62,1
62,2
62,7
62,9
62,14
62,15
62,41
62,44
62,45
62,46
62,47
62,51
62,96
62,97
62,143
62,168
63,0
63,2
63,6
63,14
63,44
63,50
63,99
63,135
63,148
64,5
64,9
64,12
64,13
64,14
64,15
64,17
64,19
64,29
64,30
64,42
64,43
64,45
64,52
64,53
64,136
65,2
65,5
65,7
65,8
65,11
65,14
65,31
65,33
65,46
65,48
65,49
65,102
65,103
65,106
65,134
65,135
65,168
66,0
66,1
66,3
66,4
66,5
66,9
66,30
66,31
66,37
66,49
66,88
66,100
66,101
66,126
66,132
66,134
66,136
67,0
67,1
67,6
67,8
67,20
67,23
67,46
67,50
67,89
67,93
67,104
67,105
67,110
67,131
67,132
67,141
68,18
68,19
68,22
68,23
68,34
68,52
68,55
68,59
68,64
68,88
68,104
68,105
68,106
68,107
68,108
68,141
68,154
68,196
69,26
69,27
69,38
69,39
69,49
69,63
69,110
69,139
69,204
70,1
70,4
70,5
70,8
70,13
70,17
70,24
70,25
70,57
70,58
70,64
70,68
70,93
70,108
70,178
71,23
71,24
71,25
71,29
71,59
71,98
71,110
71,111
71,135
71,144
71,145
72,9
72,13
72,23
72,26
72,27
72,28
72,29
72,44
72,45
72,54
72,58
72,59
72,66
72,114
72,115
72,146
73,0
73,1
73,4
73,5
73,21
73,22
73,23
73,31
73,56
73,57
73,58
73,59
73,61
73,67
73,114
73,115
73,116
73,119
73,120
73,122
74,6
74,9
74,20
74,22
74,23
74,26
74,29
74,30
74,31
74,33
74,58
74,59
74,118
74,119
74,124
74,152
74,153
74,204
74,214
75,0
75,19
75,22
75,23
75,24
75,28
75,29
75,30
75,31
75,32
75,33
75,35
75,49
75,61
75,65
75,68
75,70
75,103
75,120
75,124
75,148
75,149
75,150
75,152
75,153
75,188
76,9
76,10
76,11
76,25
76,27
76,28
76,29
76,30
76,31
76,32
76,34
76,35
76,37
76,46
76,51
76,52
76,74
76,79
76,106
76,124
76,125
77,10
77,22
77,23
77,24
77,26
77,27
77,30
77,32
77,33
77,39
77,64
77,66
77,67
77,69
77,71
77,75
77,76
77,77
77,104
77,125
78,26
78,28
78,32
78,66
78,70
78,71
78,73
78,79
78,107
78,124
78,156
78,158
78,159
79,6
79,16
79,17
79,28
79,29
79,34
79,35
79,37
79,67
79,76
79,77
79,78
79,79
79,88
79,174
80,1
80,8
80,11
80,15
80,27
80,28
80,29
80,30
80,31
80,33
80,34
80,35
80,36
80,37
80,40
80,53
80,58
80,82
81,14
81,15
81,32
81,33
81,34
81,38
81,59
81,76
81,77
81,80
81,112
81,131
82,2
82,3
82,5
82,14
82,15
82,17
82,29
82,30
82,31
82,35
82,36
82,37
82,39
82,41
82,61
82,62
82,86
82,114
82,202
82,214
83,2
83,3
83,4
83,5
83,14
83,15
83,18
83,21
83,34
83,35
83,38
83,39
83,43
83,44
83,45
83,62
83,87
83,168
83,210
84,0
84,2
84,3
84,8
84,22
84,25
84,37
84,38
84,40
84,41
84,42
84,43
84,76
84,77
84,80
84,82
84,89
84,120
84,137
84,172
85,0
85,1
85,5
85,7
85,9
85,14
85,15
85,18
85,19
85,21
85,23
85,24
85,36
85,37
85,38
85,39
85,40
85,41
85,42
85,43
85,44
85,45
85,51
85,83
85,88
85,91
85,138
85,139
85,140
86,1
86,8
86,11
86,18
86,19
86,22
86,44
86,53
86,54
86,65
86,80
86,81
86,82
86,88
86,93
86,128
86,142
87,0
87,1
87,9
87,10
87,18
87,20
87,23
87,24
87,25
87,27
87,28
87,38
87,45
87,47
87,70
87,84
87,143
88,3
88,5
88,6
88,8
88,11
88,20
88,24
88,25
88,26
88,27
88,29
88,44
88,58
88,85
88,87
88,96
89,2
89,4
89,5
89,6
89,15
89,28
89,29
89,49
89,59
89,98
90,2
90,3
90,4
90,5
90,12
90,14
90,24
90,25
90,26
90,27
90,32
90,33
90,34
90,48
90,54
90,88
90,91
90,100
90,148
91,2
91,4
91,26
91,27
91,29
91,86
91,90
92,9
92,12
92,13
92,14
92,15
92,52
92,57
92,94
92,104
92,108
92,152
92,182
93,6
93,7
93,12
93,14
93,29
93,31
93,37
93,58
93,59
93,96
93,97
93,186
93,188
94,0
94,5
94,13
94,15
94,30
94,33
94,35
94,39
94,48
94,56
94,58
94,59
94,96
94,137
94,184
95,4
95,5
95,19
95,21
95,32
95,33
95,34
95,35
95,58
95,59
95,62
95,74
96,2
96,4
96,14
96,15
96,17
96,34
96,36
96,38
96,39
96,61
96,87
96,114
96,159
96,160
96,161
96,188
97,12
97,16
97,19
97,22
97,23
97,38
97,39
97,41
97,43
97,60
97,61
97,62
97,65
97,113
97,142
97,143
97,162
97,192
97,193
98,7
98,18
98,24
98,38
98,39
98,40
98,41
98,42
98,63
98,102
98,103
98,118
98,194
98,195
99,1
99,19
99,20
99,22
99,23
99,27
99,29
99,40
99,41
99,43
99,47
99,146
100,0
100,2
100,3
100,22
100,25
100,26
100,40
100,41
100,42
100,43
100,45
100,64
100,65
100,66
100,69
100,72
100,168
100,198
101,2
101,5
101,23
101,27
101,29
101,31
101,36
101,44
101,47
101,64
101,65
101,68
101,69
101,73
101,93
101,151
101,200
102,22
102,23
102,24
102,25
102,26
102,27
102,28
102,30
102,31
102,33
102,46
102,47
102,48
102,49
102,68
102,70
102,71
102,72
102,73
102,110
102,111
102,112
102,122
102,202
103,8
103,29
103,32
103,33
103,46
103,51
103,72
103,73
103,201
104,6
104,19
104,28
104,29
104,31
104,32
104,33
104,37
104,72
104,73
104,75
104,90
104,114
104,115
104,126
104,175
104,182
105,9
105,11
105,24
105,30
105,32
105,33
105,35
105,36
105,37
105,38
105,53
105,55
105,74
105,76
105,80
105,116
105,117
105,118
105,119
105,128
105,132
105,204
106,0
106,32
106,33
106,34
106,36
106,37
106,39
106,40
106,52
106,53
106,54
106,55
106,58
106,59
106,77
106,81
106,105
106,118
106,120
106,130
106,214
106,215
107,32
107,33
107,35
107,36
107,37
107,38
107,41
107,54
107,55
107,60
107,78
107,79
107,83
107,162
108,1
108,15
108,28
108,36
108,37
108,40
108,41
108,56
108,57
108,61
108,62
108,63
108,80
108,82
108,83
108,122
108,125
108,211
108,214
109,10
109,14
109,32
109,35
109,36
109,37
109,38
109,39
109,40
109,41
109,43
109,56
109,57
109,58
109,59
109,84
109,124
109,190
109,214
109,215
110,0
110,2
110,3
110,4
110,18
110,27
110,38
110,39
110,41
110,42
110,43
110,44
110,45
110,61
110,62
110,63
110,78
110,86
110,90
110,129
110,138
110,168
110,186
111,0
111,6
111,7
111,33
111,38
111,39
111,40
111,41
111,48
111,64
111,66
111,86
111,90
111,128
112,6
112,8
112,9
112,23
112,44
112,49
112,69
112,70
112,82
112,88
112,92
112,130
112,172
112,226
113,8
113,38
113,39
113,43
113,45
113,46
113,68
113,69
113,70
113,89
113,92
113,94
113,190
113,192
113,220
114,1
114,6
114,11
114,27
114,47
114,48
114,49
114,52
114,53
114,66
114,67
114,68
114,69
114,93
114,134
114,145
114,176
114,196
114,200
114,220
114,228
115,13
115,26
115,27
115,46
115,47
115,48
115,52
115,53
115,54
115,55
115,68
115,70
115,71
115,73
115,136
116,1
116,2
116,11
116,12
116,13
116,26
116,30
116,49
116,54
116,55
116,56
116,57
116,72
116,73
117,12
117,13
117,14
117,15
117,16
117,44
117,50
117,56
117,57
117,71
117,76
117,99
117,199
118,1
118,20
118,33
118,53
118,54
118,56
118,57
118,58
118,59
118,60
118,77
118,116
118,202
119,0
119,2
119,4
119,5
119,13
119,22
119,32
119,35
119,56
119,57
119,61
119,76
119,78
119,79
119,106
119,204
120,19
120,34
120,35
120,37
120,38
120,44
120,50
120,51
120,52
120,53
120,60
120,145
120,212
121,20
121,21
121,25
121,40
121,62
121,63
121,78
121,79
121,110
121,210
121,214
122,4
122,5
122,24
122,25
122,26
122,27
122,40
122,41
122,60
122,61
122,67
122,214
123,4
123,10
123,11
123,24
123,25
123,26
123,27
123,28
123,29
123,40
123,43
123,60
123,66
123,67
123,76
123,86
123,105
124,24
124,25
124,28
124,30
124,31
124,32
124,42
124,62
124,63
124,68
124,70
124,218
125,8
125,23
125,24
125,26
125,30
125,31
125,66
125,73
125,242
126,18
126,25
126,28
126,33
126,47
126,48
126,68
126,69
126,70
126,72
126,73
126,120
127,8
127,29
127,66
127,67
127,71
127,74
127,90
127,120
127,216
128,18
128,26
128,34
128,35
128,38
128,49
128,51
128,52
128,68
128,69
128,70
128,72
128,75
128,94
128,122
128,161
129,1
129,13
129,16
129,28
129,40
129,52
129,74
129,75
129,76
129,90
129,124
129,162
129,163
130,0
130,2
130,31
130,37
130,39
130,40
130,55
130,222
130,224
131,4
131,33
131,41
131,55
131,57
131,78
131,80
131,128
132,9
132,27
132,38
132,42
132,44
132,45
132,56
132,57
132,74
132,79
132,82
132,83
132,214
133,26
133,29
133,47
133,58
133,106
134,11
134,44
134,46
134,47
134,50
134,61
134,63
134,172
135,60
135,61
135,62
135,63
135,88
135,220
136,10
136,12
136,13
136,15
136,34
136,35
136,43
136,66
136,89
137,11
137,12
137,34
137,35
137,37
137,52
137,53
137,54
137,66
138,10
138,12
138,13
138,15
138,17
138,36
138,37
138,55
138,57
138,69
138,94
139,12
139,13
139,14
139,15
139,16
139,17
139,18
139,39
139,54
139,56
139,72
139,182
140,14
140,20
140,21
140,38
140,52
140,60
140,73
140,96
140,97
140,184
141,43
141,59
141,100
142,22
142,23
142,45
142,100
142,101
143,44
143,45
143,47
143,78
143,79
144,20
144,44
145,51
145,69
145,83
146,31
146,48
146,53
146,71
147,6
147,16
147,30
147,31
147,34
147,111
147,160
148,8
148,28
148,30
148,35
148,54
148,74
148,88
148,112
149,54
149,76
149,118
150,1
150,28
150,30
150,31
150,32
150,38
150,40
150,57
151,0
151,14
151,61
151,80
151,93
152,12
152,35
152,39
152,43
152,60
152,61
152,63
152,94
153,11
153,40
153,62
153,122
154,8
154,10
154,37
154,41
154,42
154,43
154,46
154,47
154,66
155,14
155,42
155,43
155,68
155,88
155,214
156,10
156,16
156,42
156,43
156,44
156,45
156,52
156,69
156,90
157,49
157,50
157,52
157,130
158,9
158,10
158,14
158,44
158,45
158,132
159,11
159,16
159,17
159,44
159,76
159,134
160,8
160,12
160,13
160,14
160,17
160,19
160,55
160,76
161,12
161,16
161,18
161,19
161,20
161,52
161,53
161,55
161,56
161,57
161,58
161,59
162,9
162,13
162,15
162,17
162,21
162,58
162,59
162,80
163,0
163,7
163,8
163,9
163,11
163,14
163,15
163,16
163,17
163,20
163,23
163,56
163,57
163,58
163,62
163,82
164,6
164,8
164,9
164,12
164,13
164,16
164,17
164,19
164,21
164,22
164,90
165,8
165,9
165,10
165,12
165,13
165,14
165,15
165,16
165,17
165,18
165,60
165,62
165,63
165,148
166,12
166,14
166,15
166,16
166,17
166,29
166,61
166,64
166,65
166,67
166,88
166,109
166,150
167,8
167,13
167,14
167,15
167,16
167,17
167,18
167,19
167,68
167,69
168,9
168,12
168,14
168,15
168,16
168,18
168,19
168,21
168,64
168,72
168,93
168,132
168,154
169,6
169,8
169,11
169,14
169,15
169,17
169,20
169,21
169,23
169,66
169,67
169,68
169,69
169,73
169,100
169,114
169,156
170,7
170,9
170,10
170,13
170,14
170,15
170,16
170,18
170,20
170,21
170,22
170,23
170,68
170,70
170,94
170,96
170,130
170,131
171,8
171,9
171,11
171,12
171,13
171,17
171,19
171,20
171,21
171,22
171,23
171,71
171,73
171,76
171,98
171,130
172,7
172,10
172,12
172,13
172,14
172,16
172,20
172,21
172,22
172,72
173,6
173,11
173,12
173,13
173,15
173,17
173,18
173,20
173,23
173,73
173,80
173,136
174,2
174,7
174,9
174,10
174,13
174,14
174,16
174,17
174,19
174,20
174,21
174,22
174,23
174,65
174,78
175,6
175,7
175,8
175,9
175,11
175,12
175,15
175,16
175,17
175,18
175,19
175,20
175,22
175,23
175,45
175,138
175,168
176,4
176,6
176,7
176,8
176,9
176,10
176,11
176,13
176,14
176,15
176,16
176,17
176,18
176,19
176,22
176,82
176,83
176,88
176,168
177,6
177,7
177,8
177,9
177,10
177,11
177,12
177,13
177,14
177,15
177,16
177,18
177,19
177,21
177,110
177,144
178,4
178,6
178,7
178,8
178,10
178,12
178,13
178,14
178,17
178,18
178,20
178,21
178,23
178,50
179,6
179,7
179,9
179,11
179,12
179,13
179,15
179,16
179,17
179,19
179,20
179,40
179,85
179,166
180,6
180,7
180,8
180,9
180,10
180,11
180,12
180,13
180,14
180,15
180,16
180,17
180,18
180,24
180,92
180,94
180,134
181,6
181,7
181,8
181,9
181,10
181,11
181,12
181,13
181,14
181,15
181,16
181,17
181,19
181,20
181,21
181,87
181,88
181,96
181,136
182,8
182,9
182,10
182,11
182,12
182,13
182,14
182,15
182,16
182,17
182,18
182,19
182,20
182,21
182,29
182,93
182,118
183,8
183,10
183,11
183,12
183,14
183,15
183,16
183,17
183,18
183,19
183,20
183,21
183,22
183,23
183,60
183,96
183,98
184,9
184,13
184,14
184,15
184,16
184,17
184,18
184,19
184,20
184,21
184,22
184,122
185,8
185,11
185,12
185,13
185,14
185,16
185,17
185,18
185,19
185,20
185,21
185,98
185,124
186,9
186,10
186,12
186,15
186,16
186,17
186,18
186,20
186,21
186,23
186,25
186,102
186,104
187,6
187,8
187,9
187,11
187,14
187,16
187,17
187,19
187,20
187,22
187,100
187,102
187,106
187,128
188,10
188,12
188,13
188,14
188,18
188,19
188,23
189,8
189,9
189,13
189,15
189,21
189,22
189,23
189,26
189,112
189,113
190,8
190,9
190,11
190,12
190,13
190,14
190,15
190,16
190,22
190,29
190,108
190,110
190,112
190,114
191,8
191,9
191,10
191,11
191,12
191,13
191,14
191,15
191,28
191,33
191,106
191,138
191,170
192,8
192,12
192,13
192,17
192,112
193,11
193,12
193,13
193,16
193,32
193,35
193,112
193,140
194,13
194,14
194,17
194,19
194,28
194,34
194,112
194,116
195,8
195,16
195,18
195,19
195,20
195,52
195,118
195,144
196,6
196,7
196,9
196,10
196,17
196,18
196,19
196,35
196,36
196,39
196,42
196,44
196,72
196,122
196,123
197,6
197,11
197,12
197,18
197,43
197,45
197,122
197,123
198,7
198,13
198,24
198,41
198,44
198,45
198,122
199,6
199,10
199,46
199,132
200,3
200,11
200,13
200,25
200,26
200,27
200,30
200,38
200,43
200,62
200,124
200,168
201,7
201,8
201,10
201,15
201,16
201,26
201,27
201,29
201,31
201,42
201,45
201,50
201,54
201,64
202,6
202,7
202,9
202,12
202,14
202,15
202,17
202,47
203,8
203,9
203,14
203,15
203,21
203,28
203,33
203,34
203,38
203,46
203,134
204,8
204,11
204,14
204,16
204,20
204,21
204,22
204,32
204,35
204,36
204,49
204,56
204,138
205,15
205,17
205,19
205,20
205,32
205,37
205,48
205,49
205,56
205,58
205,132
206,3
206,9
206,15
206,16
206,17
206,21
206,22
206,36
206,39
206,50
206,62
206,88
206,138
207,8
207,10
207,20
207,22
207,29
207,60
208,2
208,10
208,26
208,28
208,29
208,38
208,54
209,8
209,25
209,26
209,28
209,44
209,45
209,172
210,28
210,42
210,59
210,68
210,72
211,1
211,8
211,35
211,49
211,62
211,63
211,66
212,0
212,1
212,5
212,7
212,9
212,29
212,30
212,32
212,33
212,34
212,72
213,0
213,1
213,34
213,35
213,46
213,65
213,66
213,67
214,0
214,1
214,3
214,5
214,9
214,14
214,15
214,32
214,36
214,41
214,42
214,48
214,49
214,52
214,53
214,68
214,69
214,70
215,0
215,1
215,4
215,8
215,9
215,18
215,35
215,43
215,54
215,80
216,8
216,13
216,18
216,20
216,41
216,42
216,43
216,53
216,55
216,56
216,70
216,76
217,5
217,9
217,12
217,15
217,22
217,36
217,37
217,47
217,54
217,72
218,1
218,8
218,40
218,43
218,48
218,49
218,59
219,0
219,1
219,8
219,47
219,48
219,49
219,61
219,98
220,0
220,2
220,6
220,10
220,18
220,34
220,43
220,45
220,46
220,48
220,52
220,59
220,78
221,3
221,14
221,30
221,44
221,48
221,68
222,1
222,2
222,3
222,4
222,5
222,24
222,45
222,62
222,80
222,81
222,104
223,4
223,21
223,22
223,33
223,47
223,51
223,66
223,68
223,84
224,3
224,11
224,18
224,20
224,48
224,55
224,72
224,73
225,10
225,18
225,36
225,48
225,52
225,54
225,55
225,61
225,62
225,72
225,110
226,0
226,7
226,9
226,11
226,13
226,22
226,43
226,62
226,63
226,71
226,92
227,6
227,10
227,12
227,13
227,16
227,18
227,24
227,25
227,26
227,41
227,60
227,77
228,12
228,14
228,17
228,19
228,24
228,28
228,33
228,34
228,40
228,61
228,66
228,68
228,94
228,96
229,8
229,16
229,17
229,18
229,19
229,30
229,32
229,35
229,36
229,63
229,80
230,3
230,13
230,18
230,19
230,34
230,36
230,37
230,38
230,39
230,44
230,45
230,47
230,62
230,64
230,68
230,83
230,84
230,96
231,18
231,19
231,20
231,21
231,32
231,33
231,41
231,46
231,65
231,69
231,84
231,98
231,102
232,14
232,20
232,21
232,32
232,36
232,42
232,43
232,72
232,73
232,74
232,88
232,104
233,0
233,18
233,20
233,21
233,28
233,40
233,42
233,43
233,44
233,70
233,72
233,75
233,126
234,0
234,8
234,11
234,12
234,20
234,38
234,42
234,43
234,45
234,60
235,1
235,33
235,38
235,44
235,46
235,48
235,106
235,110
236,0
236,26
236,29
236,30
236,35
236,42
236,43
236,47
236,48
236,57
236,74
236,75
236,78
236,79
236,80
236,108
237,25
237,30
237,34
237,35
237,44
237,58
237,78
237,96
238,16
238,19
238,20
238,32
238,34
238,36
238,37
238,45
238,52
238,82
238,84
238,86
238,116
239,21
239,37
239,40
239,49
239,51
239,62
239,79
239,84
239,88
239,102
239,116
240,22
240,36
240,50
240,51
240,84
240,118
241,42
241,44
241,88
242,37
242,83
242,94
243,0
243,15
243,27
243,32
243,34
243,42
243,43
243,57
243,96
244,0
244,40
244,43
244,55
244,86
244,88
245,42
245,64
246,75
246,94
247,34
247,50
247,60
247,78
248,50
248,72
248,78
249,38
249,41
249,54
249,55
249,68
250,54
250,56
250,58
250,72
251,58
251,70
251,122
253,72
254,90
255,12
255,62
255,82
257,66
258,67
258,92
260,73
263,82
264,48
269,64
